0,0.00329072416244686,0
2.46428588289947e-05,0.00329081643377914,0
4.92843356950518e-05,0.00329109324260143,0
7.39230487127334e-05,0.00329155457339039,0
9.85576161515977e-05,0.00329220040027476,0
0.000123186656513685,0.00329303068703678,0
0.000147808788610993,0.00329404538711427,0
0.000172422631642931,0.00329524444360319,0
0.000197026805273758,0.00329662778926088,0
0.000221619929709989,0.00329819534650979,0
0.000246200625777772,0.00329994702744186,0
0.000270767515000237,0.00330188273382343,0
0.000295319219674795,0.00330400235710077,0
0.000319854362950401,0.00330630577840613,0
0.000344371568904768,0.00330879286856446,0
0.000368869462621529,0.0033114634881006,0
0.000393346670267338,0.00331431748724715,0
0.000417801819168918,0.00331735470595281,0
0.00044223353789004,0.00332057497389144,0
0.000466640456308429,0.00332397811047151,0
0.000491021205692603,0.00332756392484633,0
0.000515374418778631,0.00333133221592466,0
0.000539698729846807,0.00333528277238206,0
0.000563992774798243,0.00333941537267269,0
0.000588255191231359,0.00334372978504178,0
0.000612484618518297,0.00334822576753858,0
0.000636679697881215,0.00335290306802996,0
0.000660839072468491,0.00335776142421453,0
0.000684961387430817,0.00336280056363738,0
0.000709045289997172,0.00336802020370532,0
0.000733089429550693,0.00337342005170275,0
0.000757092457704408,0.00337899980480808,0
0.000781053028376863,0.0033847591501107,0
0.000804969797867601,0.00339069776462853,0
0.000828841424932523,0.00339681531532615,0
0.000852666570859098,0.00340311145913342,0
0.000876443899541444,0.00340958584296481,0
0.000900172077555253,0.00341623810373913,0
0.000923849774232567,0.00342306786839991,0
0.000947475661736408,0.00343007475393632,0
0.000971048415135233,0.00343725836740468,0
0.000994566712477247,0.00344461830595042,0
0.00101802923486453,0.00345215415683078,0
0.00104143466652699,0.00345986549743784,0
0.00106478169489619,0.00346775189532233,0
0.0010880690106789,0.00347581290821779,0
0.00111129530793057,0.00348404808406544,0
0.00113445928412854,0.00349245696103947,0
0.0011575596402451,0.00350103906757299,0
0.00118059508082032,0.00350979392238447,0
0.00120356431403472,0.00351872103450469,0
0.0012264660517817,0.00352781990330431,0
0.0012492990097398,0.00353709001852195,0
0.00127206190744468,0.00354653086029278,0
0.00129475346836097,0.00355614189917767,0
0.00131737241995384,0.00356592259619291,0
0.00133991749376036,0.00357587240284042,0
0.00136238742546066,0.00358599076113851,0
0.00138478095494878,0.00359627710365318,0
0.0014070968264034,0.00360673085352991,0
0.00142933378835823,0.00361735142452607,0
0.00145149059377217,0.00362813822104372,0
0.00147356600009931,0.00363909063816307,0
0.00149555876935854,0.00365020806167639,0
0.00151746766820303,0.00366148986812245,0
0.00153929146798937,0.00367293542482146,0
0.00156102894484647,0.0036845440899106,0
0.00158267887974419,0.00369631521237997,0
0.00160424005856174,0.00370824813210912,0
0.0016257112721557,0.00372034217990408,0
0.00164709131642792,0.00373259667753485,0
0.00166837899239295,0.00374501093777348,0
0.00168957310624534,0.00375758426443258,0
0.00171067246942657,0.00377031595240437,0
0.00173167589869171,0.00378320528770023,0
0.00175258221617575,0.00379625154749071,0
0.0017733902494597,0.00380945400014613,0
0.00179409883163631,0.00382281190527753,0
0.00181470680137548,0.00383632451377824,0
0.00183521300298948,0.0038499910678659,0
0.00185561628649764,0.0038638108011249,0
0.00187591550769094,0.00387778293854943,0
0.00189610952819614,0.00389190669658688,0
0.00191619721553958,0.00390618128318182,0
0.00193617744321078,0.00392060589782041,0
0.00195604909072551,0.00393517973157529,0
0.00197581104368871,0.00394990196715093,0
0.00199546219385694,0.0039647717789295,0
0.00201500143920055,0.00397978833301713,0
0.00203442768396547,0.0039949507872907,0
0.00205373983873465,0.00401025829144505,0
0.00207293682048919,0.00402570998704069,0
0.00209201755266904,0.00404130500755191,0
0.00211098096523339,0.0040570424784154,0
0.00212982599472065,0.00407292151707927,0
0.00214855158430816,0.00408894123305255,0
0.00216715668387136,0.00410510072795518,0
0.00218564025004276,0.00412139909556829,0
0.00220400124627039,0.00413783542188511,0
0.00222223864287601,0.0041544087851622,0
0.0063136759661374,0.00666207019150617,0
0.00761912528721487,0.00714178533729149,0
0.00869018377962574,0.00752041433313706,0
0.00967152099881764,0.00785374366975191,0
0.0106130793810564,0.00816063852611867,0
0.0115389707352984,0.00844982093800005,0
0.0124631533989686,0.00872598381191281,0
0.0133947490868205,0.00899186842350545,0
0.0143402814732329,0.0092491394901804,0
0.01530476087058,0.00949880845343695,0
0.0162922652278973,0.00974145907094636,0
0.0173062759837563,0.00997737650566155,0
0.0183498843926842,0.0102066252189065,0
0.0194259248824121,0.0104290978468735,0
0.0205370651456634,0.0106445467093475,0
0.0216858694985127,0.0108526044261917,0
0.022874845164206,0.0110527974126889,0
0.0241064773654068,0.0112445545354623,0
0.0253832569413849,0.0114272123531194,0
0.0267077029168709,0.0116000178523394,0
0.0280823816568454,0.011762129271802,0
0.0295099237414917,0.0119126154024784,0
0.0309930393729966,0.0120504536180503,0
0.0325345329142711,0.0121745267972465,0
0.0341373170192836,0.0122836192348923,0
0.035804426721301,0.0123764115907147,0
0.0375390337837673,0.0124514748882384,0
0.039344461579206,0.0125072635464104,0
0.0412242007382246,0.0125421074011536,0
0.043185025826078,0.0125542218036077,0
